3 0.8609375 0.52109375 0.05625 0.071875
3 0.853125 0.478125 0.053125 0.071875
3 0.8484375 0.44140625 0.05625 0.0765625
3 0.8703125 0.4125 0.040625 0.059375
3 0.9546875 0.4734375 0.05 0.0625
3 0.93984375 0.45234375 0.04375 0.0484375
3 0.37421875 0.13671875 0.0515625 0.075
3 0.640625 0.34921875 0.0515625 0.0890625
3 0.62265625 0.3078125 0.05 0.0796875
1 0.77109375 0.27265625 0.0671875 0.2421875
1 0.68203125 0.21640625 0.075 0.19375
1 0.8671875 0.06953125 0.071875 0.1390625
1 0.87890625 0.85390625 0.11875 0.234375
1 0.04296875 0.2234375 0.084375 0.190625