1 0.88828125 0.846875 0.2234375 0.1484375
1 0.2359375 0.77890625 0.240625 0.071875
1 0.07734375 0.8625 0.1546875 0.075
3 0.31171875 0.64765625 0.071875 0.0421875
1 0.23359375 0.68046875 0.178125 0.078125
3 0.3625 0.65546875 0.078125 0.0421875
3 0.47734375 0.8375 0.084375 0.05625
3 0.51328125 0.8515625 0.0640625 0.0578125
3 0.4359375 0.8390625 0.0703125 0.05625
3 0.40078125 0.8609375 0.0546875 0.0453125
3 0.4609375 0.9390625 0.0703125 0.0546875
3 0.434375 0.9296875 0.0484375 0.046875
1 0.20546875 0.04375 0.2296875 0.0875