1 0.2046875 0.95 0.084375 0.1
1 0.0296875 0.82890625 0.059375 0.153125
1 0.2265625 0.1890625 0.0828125 0.225
1 0.13984375 0.07890625 0.071875 0.15625
1 0.959375 0.2234375 0.08125 0.1296875
3 0.3171875 0.3296875 0.046875 0.0640625
1 0.328125 0.23671875 0.0875 0.1875
3 0.1765625 0.503125 0.05625 0.08125
3 0.08671875 0.4328125 0.04375 0.0765625
3 0.0984375 0.396875 0.040625 0.05625
3 0.18828125 0.465625 0.053125 0.05625
3 0.17578125 0.39375 0.04375 0.0546875
3 0.19453125 0.43046875 0.05625 0.059375
3 0.3046875 0.3625 0.040625 0.06875
3 0.61484375 0.153125 0.040625 0.09375
3 0.36640625 0.034375 0.046875 0.06875