2 0.7203125 0.71640625 0.0828125 0.0734375
1 0.659375 0.88125 0.1375 0.128125
1 0.8171875 0.953125 0.134375 0.09375
1 0.3625 0.7265625 0.26875 0.09375
1 0.9171875 0.70234375 0.165625 0.0984375
1 0.359375 0.1234375 0.2 0.1796875
1 0.0828125 0.71640625 0.165625 0.0734375
1 0.053125 0.79765625 0.10625 0.0640625
3 0.31875 0.82421875 0.053125 0.05
3 0.4890625 0.971875 0.0546875 0.05
3 0.446875 0.41171875 0.0703125 0.05
3 0.39296875 0.47734375 0.0625 0.0453125
3 0.20390625 0.43359375 0.065625 0.040625
3 0.1375 0.490625 0.078125 0.0390625
3 0.06640625 0.28203125 0.078125 0.0484375