1 0.49375 0.51796875 0.18125 0.153125
1 0.5046875 0.2359375 0.1625 0.175
1 0.69140625 0.03828125 0.14375 0.0765625
1 0.17734375 0.7625 0.2328125 0.115625
1 0.41484375 0.7875 0.159375 0.13125
1 0.846875 0.7109375 0.246875 0.075
1 0.3078125 0.97421875 0.1296875 0.0515625
1 0.95703125 0.7984375 0.0859375 0.078125
2 0.45078125 0.875 0.078125 0.053125
3 0.5546875 0.91875 0.0625 0.04375
3 0.5828125 0.88984375 0.0625 0.059375
3 0.7234375 0.61953125 0.06875 0.04375
3 0.76640625 0.53125 0.06875 0.04375
3 0.9453125 0.275 0.078125 0.04375