1 0.6203125 0.21875 0.23984375 0.090625
1 0.83046875 0.3578125 0.18515625 0.10234375
1 0.95546875 0.17734375 0.0890625 0.0984375
3 0.48359375 0.553125 0.0796875 0.0578125
3 0.51015625 0.421875 0.07109375 0.06328125
3 0.58203125 0.4484375 0.06015625 0.05078125
3 0.65 0.46953125 0.07578125 0.0484375
3 0.7234375 0.46796875 0.07421875 0.05859375
3 0.54765625 0.0859375 0.065625 0.04296875
3 0.57734375 0.11171875 0.06171875 0.04140625
3 0.621875 0.140625 0.0765625 0.04921875
3 0.64296875 0.15 0.04453125 0.03515625