3 0.20546875 0.58984375 0.084375 0.05390625
3 0.409375 0.4875 0.071875 0.03984375
3 0.48359375 0.5046875 0.075 0.05390625
3 0.53515625 0.5296875 0.07578125 0.04375
3 0.62890625 0.52578125 0.08515625 0.0515625
3 0.53046875 0.0453125 0.0671875 0.05078125
3 0.56796875 0.06484375 0.05859375 0.04453125
3 0.61328125 0.16640625 0.0640625 0.04375
3 0.59140625 0.15703125 0.05390625 0.05078125
1 0.8296875 0.2625 0.22734375 0.0640625
1 0.9578125 0.18359375 0.0828125 0.08125
1 0.821875 0.36796875 0.165625 0.0828125
3 0.9265625 0.6609375 0.06875 0.046875