1 0.30078125 0.89453125 0.1375 0.10625
1 0.1625 0.7390625 0.253125 0.11875
1 0.5109375 0.76171875 0.259375 0.1234375
1 0.8171875 0.70703125 0.228125 0.075
1 0.946875 0.79921875 0.10625 0.0671875
1 0.5921875 0.28046875 0.165625 0.165625
3 0.115625 0.41015625 0.053125 0.0484375
3 0.35546875 0.396875 0.0640625 0.046875
3 0.4328125 0.4546875 0.059375 0.046875
3 0.84375 0.56484375 0.06875 0.04375
3 0.53359375 0.85234375 0.0546875 0.0390625
3 0.56171875 0.89453125 0.053125 0.040625
3 0.5453125 0.92578125 0.05 0.0390625