1 0.4671875 0.31484375 0.1765625 0.1390625
1 0.59609375 0.63984375 0.16796875 0.17265625
1 0.07734375 0.26796875 0.15390625 0.096875
1 0.3140625 0.04609375 0.1375 0.09140625
3 0.73046875 0.3671875 0.078125 0.05703125
3 0.77890625 0.359375 0.0546875 0.03515625
3 0.75546875 0.31640625 0.059375 0.0421875
3 0.8125 0.31875 0.046875 0.03203125
3 0.71640625 0.05 0.06328125 0.04296875
3 0.771875 0.04765625 0.05 0.0359375
3 0.73359375 0.15390625 0.07421875 0.04765625
3 0.72734375 0.20859375 0.05390625 0.04296875
3 0.75078125 0.2203125 0.04140625 0.02890625
3 0.16953125 0.13828125 0.04921875 0.05546875
3 0.11640625 0.1359375 0.046875 0.05546875