0 0.59765625 0.46015625 0.128125 0.05
3 0.96640625 0.6265625 0.0484375 0.053125
3 0.85546875 0.7859375 0.0765625 0.059375
3 0.78828125 0.6765625 0.0796875 0.04375
3 0.76640625 0.5421875 0.059375 0.0453125
3 0.73515625 0.5828125 0.059375 0.04375
3 0.1140625 0.45390625 0.0859375 0.0578125
3 0.14609375 0.42109375 0.0625 0.0359375
3 0.73671875 0.11640625 0.0515625 0.05625
1 0.83046875 0.06328125 0.128125 0.103125
1 0.69375 0.3171875 0.1375 0.13125
1 0.43359375 0.27734375 0.2171875 0.078125
1 0.16875 0.2796875 0.1984375 0.09375
1 0.13984375 0.18828125 0.2046875 0.084375
1 0.54453125 0.7859375 0.196875 0.175
1 0.95859375 0.275 0.0828125 0.078125