1 0.24765625 0.59609375 0.1421875 0.1671875
1 0.28515625 0.25078125 0.06875 0.2625
1 0.45859375 0.5609375 0.1390625 0.1625
1 0.88046875 0.340625 0.20625 0.1875
1 0.31484375 0.934375 0.0828125 0.13125
1 0.13515625 0.77421875 0.1265625 0.1484375
1 0.03125 0.68671875 0.0625 0.1359375
1 0.28125 0.03984375 0.078125 0.0796875
1 0.196875 0.04453125 0.065625 0.0890625
3 0.03515625 0.48671875 0.05 0.059375
3 0.0609375 0.45859375 0.0546875 0.046875
3 0.471875 0.275 0.040625 0.065625
3 0.5625 0.3078125 0.05 0.075
2 0.6828125 0.50625 0.0875 0.0890625
3 0.17265625 0.21171875 0.0484375 0.065625