2 0.23515625 0.9125 0.053125 0.0625
3 0.49375 0.953125 0.065625 0.0609375
3 0.6078125 0.84140625 0.0609375 0.05
3 0.36328125 0.41484375 0.0796875 0.04375
3 0.48671875 0.45390625 0.0703125 0.05
3 0.6375 0.45234375 0.0796875 0.053125
3 0.840625 0.5421875 0.096875 0.0546875
1 0.34921875 0.79140625 0.14375 0.115625
1 0.1 0.709375 0.2 0.11875
1 0.30625 0.94453125 0.125 0.103125
1 0.57578125 0.73828125 0.253125 0.09375
1 0.86484375 0.70546875 0.209375 0.075
1 0.9515625 0.79765625 0.096875 0.06875
1 0.63125 0.1671875 0.175 0.171875