1 0.48203125 0.49375 0.153125 0.18125
1 0.7640625 0.5046875 0.175 0.1625
1 0.96171875 0.69140625 0.0765625 0.14375
1 0.2375 0.17734375 0.115625 0.2328125
1 0.2125 0.41484375 0.13125 0.159375
1 0.2890625 0.846875 0.075 0.246875
1 0.02578125 0.3078125 0.0515625 0.1296875
1 0.2015625 0.95703125 0.078125 0.0859375
2 0.125 0.45078125 0.053125 0.078125
3 0.08125 0.5546875 0.04375 0.0625
3 0.11015625 0.5828125 0.059375 0.0625
3 0.38046875 0.7234375 0.04375 0.06875
3 0.46875 0.76640625 0.04375 0.06875
3 0.725 0.9453125 0.04375 0.078125