3 0.49140625 0.5875 0.06171875 0.03203125
3 0.5625 0.52890625 0.065625 0.046875
3 0.75 0.54921875 0.0875 0.03515625
3 0.65546875 0.1671875 0.0703125 0.053125
3 0.465625 0.03046875 0.04453125 0.0421875
1 0.32578125 0.10078125 0.14140625 0.1171875
1 0.17109375 0.0328125 0.1171875 0.065625
1 0.09296875 0.296875 0.1859375 0.11015625
1 0.3703125 0.2828125 0.134375 0.11484375
1 0.60234375 0.26875 0.25546875 0.08984375
1 0.8984375 0.2859375 0.203125 0.08125
1 0.94296875 0.20234375 0.1140625 0.0734375
1 0.63515625 0.865625 0.1890625 0.18046875
2 0.2625 0.2140625 0.06640625 0.07421875