2 0.2796875 0.28359375 0.0828125 0.0734375
1 0.340625 0.11875 0.13828125 0.12734375
1 0.1828125 0.046875 0.13515625 0.09296875
1 0.6375 0.2734375 0.26796875 0.09296875
1 0.0828125 0.29765625 0.165625 0.0984375
1 0.640625 0.8765625 0.20078125 0.1796875
1 0.9171875 0.28359375 0.16484375 0.0734375
1 0.946875 0.20234375 0.10625 0.0640625
3 0.68125 0.17578125 0.05234375 0.04921875
3 0.5109375 0.028125 0.0546875 0.05078125
3 0.553125 0.58828125 0.0703125 0.05078125
3 0.60703125 0.52265625 0.06328125 0.0453125
3 0.79609375 0.56640625 0.06484375 0.04140625
3 0.8625 0.509375 0.078125 0.0390625
3 0.93359375 0.71796875 0.07734375 0.0484375