3 0.36640625 0.346875 0.04375 0.065625
3 0.39296875 0.2859375 0.05625 0.0625
3 0.5140625 0.15234375 0.0390625 0.0828125
3 0.421875 0.03671875 0.046875 0.0734375
3 0.1453125 0.50546875 0.05625 0.06875
3 0.18671875 0.3671875 0.05 0.065625
1 0.27109375 0.60625 0.1140625 0.146875
1 0.509375 0.5375 0.125 0.1640625
1 0.8171875 0.425 0.18125 0.19375
1 0.29296875 0.9625 0.078125 0.075
1 0.18828125 0.80625 0.115625 0.171875
1 0.06640625 0.72109375 0.121875 0.175
1 0.29296875 0.1578125 0.078125 0.209375
1 0.20078125 0.0640625 0.084375 0.128125