3 0.4625 0.24453125 0.0578125 0.0515625
3 0.4796875 0.228125 0.06875 0.05
3 0.35234375 0.140625 0.065625 0.03125
3 0.3625 0.12109375 0.0734375 0.046875
3 0.415625 0.24765625 0.0625 0.05
3 0.38203125 0.23125 0.0625 0.0421875
3 0.31875 0.28203125 0.071875 0.053125
3 0.34609375 0.25625 0.0578125 0.05
3 0.07734375 0.39921875 0.071875 0.04375
1 0.23203125 0.3328125 0.184375 0.084375
1 0.11953125 0.225 0.20625 0.078125
1 0.07421875 0.1375 0.134375 0.0921875
1 0.89375 0.1609375 0.20625 0.1140625
1 0.2171875 0.96171875 0.190625 0.071875