3 0.5875 0.49140625 0.03125 0.0625
3 0.52890625 0.5625 0.046875 0.065625
3 0.54921875 0.75 0.034375 0.0875
3 0.1671875 0.65546875 0.053125 0.0703125
3 0.03046875 0.465625 0.0421875 0.04375
1 0.10078125 0.32578125 0.1171875 0.140625
1 0.0328125 0.17109375 0.065625 0.1171875
1 0.296875 0.09296875 0.109375 0.1859375
1 0.2828125 0.3703125 0.115625 0.134375
1 0.26875 0.60234375 0.090625 0.25625
1 0.2859375 0.8984375 0.08125 0.203125
1 0.20234375 0.94296875 0.0734375 0.1140625
1 0.865625 0.63515625 0.18125 0.1890625
2 0.2140625 0.2625 0.075 0.065625