1 0.453125 0.4734375 0.15078125 0.1234375
1 0.5546875 0.7640625 0.1890625 0.1671875
1 0.38671875 0.24453125 0.1375 0.1078125
1 0.1890625 0.159375 0.1484375 0.11171875
1 0.0578125 0.29140625 0.11484375 0.09453125
1 0.26171875 0.0359375 0.1515625 0.071875
1 0.80625 0.29921875 0.22578125 0.09453125
1 0.93125 0.2 0.1375 0.06953125
3 0.4984375 0.14296875 0.046875 0.0484375
3 0.6015625 0.175 0.059375 0.046875
3 0.66640625 0.39375 0.0625 0.040625
3 0.7125 0.41484375 0.0703125 0.046875
3 0.84140625 0.5328125 0.08203125 0.05546875
3 0.971875 0.4484375 0.05625 0.040625
3 0.221875 0.9875 0.071875 0.025
3 0.3015625 0.98671875 0.0875 0.0265625
2 0.484375 0.96171875 0.10546875 0.07578125