1 0.73203125 0.12734375 0.103125 0.253125
1 0.70859375 0.465625 0.1296875 0.171875
1 0.49140625 0.559375 0.1609375 0.175
3 0.8234375 0.68671875 0.0359375 0.046875
3 0.86328125 0.68046875 0.04375 0.05625
3 0.815625 0.71875 0.021875 0.028125
3 0.6 0.75546875 0.05 0.05
3 0.60390625 0.796875 0.021875 0.046875
3 0.6453125 0.80625 0.0375 0.0609375
3 0.63515625 0.8640625 0.0296875 0.0921875
3 0.87578125 0.12421875 0.059375 0.0609375
3 0.86015625 0.15 0.065625 0.05625
3 0.865625 0.1765625 0.05 0.059375
3 0.90234375 0.1703125 0.040625 0.05