2 0.23515625 0.0875 0.05234375 0.06328125
3 0.49375 0.046875 0.065625 0.0609375
3 0.6078125 0.15859375 0.0609375 0.05
3 0.36328125 0.58515625 0.0796875 0.04296875
3 0.48671875 0.54609375 0.0703125 0.04921875
3 0.6375 0.54765625 0.0796875 0.05234375
3 0.840625 0.4578125 0.09765625 0.0546875
1 0.34921875 0.20859375 0.14375 0.11640625
1 0.1 0.290625 0.2 0.11875
1 0.30625 0.05546875 0.12578125 0.103125
1 0.57578125 0.26171875 0.253125 0.09296875
1 0.86484375 0.29453125 0.209375 0.07421875
1 0.9515625 0.20234375 0.096875 0.06875
1 0.63125 0.8328125 0.175 0.17109375