1 0.58515625 0.38515625 0.159375 0.1234375
1 0.28828125 0.27578125 0.3015625 0.071875
1 0.62109375 0.1859375 0.1625 0.13125
1 0.79375 0.084375 0.1375 0.125
1 0.92109375 0.30625 0.1578125 0.103125
1 0.3484375 0.8703125 0.1875 0.1875
1 0.0640625 0.2875 0.128125 0.0734375
1 0.04140625 0.20546875 0.08125 0.06875
3 0.47109375 0.03671875 0.06875 0.059375
3 0.25859375 0.17578125 0.059375 0.046875
3 0.31484375 0.5015625 0.065625 0.046875
3 0.34921875 0.57265625 0.071875 0.0359375
2 0.6265625 0.48828125 0.1 0.0765625