1 0.30078125 0.10546875 0.13671875 0.10703125
1 0.1625 0.2609375 0.25390625 0.11796875
1 0.5109375 0.23828125 0.26015625 0.1234375
1 0.8171875 0.29296875 0.22734375 0.07421875
1 0.946875 0.20078125 0.10625 0.0671875
1 0.5921875 0.71953125 0.165625 0.165625
3 0.115625 0.58984375 0.053125 0.0484375
3 0.35546875 0.603125 0.0640625 0.046875
3 0.4328125 0.5453125 0.059375 0.04609375
3 0.84375 0.43515625 0.06953125 0.04375
3 0.53359375 0.14765625 0.0546875 0.0390625
3 0.56171875 0.10546875 0.053125 0.03984375
3 0.5453125 0.07421875 0.04921875 0.0390625