3 0.653125 0.36640625 0.065625 0.04453125
3 0.7140625 0.39296875 0.06171875 0.05546875
3 0.84765625 0.5140625 0.0828125 0.0390625
3 0.96328125 0.421875 0.0734375 0.046875
3 0.49453125 0.1453125 0.06796875 0.05625
3 0.6328125 0.18671875 0.06484375 0.05078125
1 0.39375 0.27109375 0.14609375 0.1140625
1 0.4625 0.509375 0.1640625 0.125
1 0.575 0.8171875 0.19453125 0.18046875
1 0.0375 0.29296875 0.075 0.07734375
1 0.19375 0.18828125 0.171875 0.115625
1 0.27890625 0.06640625 0.17421875 0.12265625
1 0.8421875 0.29296875 0.20859375 0.07890625
1 0.9359375 0.20078125 0.128125 0.08515625