1 0.74296875 0.55703125 0.1375 0.153125
2 0.8046875 0.49375 0.05625 0.06875
1 0.4640625 0.48359375 0.1578125 0.18125
1 0.74453125 0.83671875 0.125 0.2328125
1 0.95078125 0.67421875 0.096875 0.14375
1 0.709375 0.15234375 0.078125 0.24375
1 0.190625 0.478125 0.171875 0.1734375
3 0.63984375 0.2765625 0.040625 0.0625
3 0.5421875 0.2078125 0.0390625 0.075
3 0.25078125 0.04140625 0.0328125 0.08125
3 0.91171875 0.44609375 0.05625 0.0671875
3 0.8828125 0.4140625 0.05 0.06875
1 0.8 0.0390625 0.078125 0.078125