0 0.46015625 0.40234375 0.05 0.128125
3 0.6265625 0.03359375 0.053125 0.0484375
3 0.7859375 0.14453125 0.059375 0.0765625
3 0.6765625 0.21171875 0.04375 0.0796875
3 0.5421875 0.23359375 0.0453125 0.059375
3 0.5828125 0.26484375 0.04375 0.059375
3 0.45390625 0.8859375 0.05625 0.084375
3 0.42109375 0.85390625 0.034375 0.0625
3 0.11640625 0.26328125 0.05625 0.05
1 0.06328125 0.16953125 0.103125 0.128125
1 0.3171875 0.30625 0.13125 0.1375
1 0.27734375 0.56640625 0.078125 0.2171875
1 0.2796875 0.83125 0.09375 0.1984375
1 0.18828125 0.86015625 0.084375 0.2046875
1 0.7859375 0.45546875 0.175 0.196875
1 0.275 0.04140625 0.078125 0.0828125