1 0.28828125 0.2359375 0.06875 0.2421875
1 0.2828125 0.58515625 0.13125 0.159375
1 0.50703125 0.55078125 0.14375 0.15
1 0.90859375 0.33359375 0.1828125 0.178125
1 0.15625 0.77578125 0.115625 0.1671875
1 0.0484375 0.67890625 0.096875 0.1578125
1 0.203125 0.053125 0.071875 0.10625
2 0.78125 0.48828125 0.0921875 0.084375
3 0.4578125 0.2703125 0.04375 0.06875
3 0.55078125 0.29609375 0.0453125 0.0703125
3 0.6984375 0.06171875 0.04375 0.0875
3 0.0453125 0.48515625 0.04375 0.06875
3 0.065625 0.4515625 0.053125 0.0625