1 0.7953125 0.95 0.084375 0.1
1 0.9703125 0.82890625 0.059375 0.153125
1 0.7734375 0.1890625 0.0828125 0.225
1 0.86015625 0.07890625 0.071875 0.15625
1 0.040625 0.2234375 0.08125 0.1296875
3 0.6828125 0.3296875 0.046875 0.0640625
1 0.671875 0.23671875 0.0875 0.1875
3 0.8234375 0.503125 0.05625 0.08125
3 0.91328125 0.4328125 0.04375 0.0765625
3 0.9015625 0.396875 0.040625 0.05625
3 0.81171875 0.465625 0.053125 0.05625
3 0.82421875 0.39375 0.04375 0.0546875
3 0.80546875 0.43046875 0.05625 0.059375
3 0.6953125 0.3625 0.040625 0.06875
3 0.38515625 0.153125 0.040625 0.09375
3 0.63359375 0.034375 0.046875 0.06875