3 0.52890625 0.0578125 0.05078125 0.0453125
3 0.50859375 0.0265625 0.05 0.04453125
3 0.70859375 0.48984375 0.084375 0.0515625
3 0.68203125 0.565625 0.059375 0.04296875
3 0.76328125 0.17109375 0.06171875 0.0453125
1 0.390625 0.2171875 0.15234375 0.13046875
1 0.21953125 0.1078125 0.11171875 0.12578125
1 0.075 0.30859375 0.15 0.0859375
1 0.41953125 0.421875 0.14609375 0.1359375
1 0.72421875 0.2859375 0.28125 0.07421875
1 0.946875 0.28515625 0.10625 0.0828125
1 0.6546875 0.87734375 0.19140625 0.1734375
2 0.4359375 0.57734375 0.09375 0.084375
1 0.95859375 0.20234375 0.08203125 0.065625