3 0.746875 0.11953125 0.046875 0.0671875
3 0.75390625 0.2015625 0.05 0.0640625
3 0.57265625 0.61484375 0.059375 0.06875
3 0.52734375 0.6953125 0.05 0.0640625
3 0.478125 0.7296875 0.0578125 0.059375
3 0.5015625 0.7703125 0.059375 0.065625
3 0.0640625 0.48046875 0.0484375 0.0625
3 0.14140625 0.46328125 0.0484375 0.0625
1 0.059375 0.2703125 0.1015625 0.128125
1 0.196875 0.14453125 0.1171875 0.16875
1 0.33828125 0.3734375 0.11875 0.1625
1 0.259375 0.5421875 0.11875 0.25625
1 0.29453125 0.834375 0.09375 0.178125
1 0.196875 0.91171875 0.08125 0.1765625
1 0.5640625 0.45078125 0.1609375 0.16875
1 0.859375 0.54140625 0.1875 0.2078125
3 0.67109375 0.828125 0.04375 0.1