3 0.79453125 0.41015625 0.084375 0.053125
3 0.590625 0.5125 0.071875 0.040625
3 0.51640625 0.4953125 0.075 0.053125
3 0.46484375 0.4703125 0.075 0.04375
3 0.37109375 0.47421875 0.084375 0.0515625
3 0.46953125 0.9546875 0.0671875 0.05
3 0.43203125 0.93515625 0.059375 0.04375
3 0.38671875 0.83359375 0.0640625 0.04375
3 0.40859375 0.84296875 0.0546875 0.05
1 0.1703125 0.7375 0.228125 0.0640625
1 0.0421875 0.81640625 0.0828125 0.08125
1 0.178125 0.63203125 0.165625 0.0828125
3 0.0734375 0.3390625 0.06875 0.046875