1 0.33125 0.1765625 0.125 0.10859375
1 0.56328125 0.25390625 0.25078125 0.1078125
1 0.846875 0.30078125 0.20078125 0.0828125
1 0.95 0.20390625 0.09921875 0.0734375
1 0.10625 0.278125 0.21171875 0.10859375
1 0.625 0.81484375 0.19140625 0.16640625
3 0.509375 0.06953125 0.05234375 0.05546875
3 0.5875 0.16171875 0.065625 0.05078125
2 0.209375 0.03125 0.05625 0.0625
1 0.30703125 0.04453125 0.1234375 0.0890625
3 0.3078125 0.58984375 0.071875 0.046875
3 0.44765625 0.56640625 0.065625 0.04140625
3 0.5875 0.54375 0.0703125 0.05
3 0.83828125 0.45390625 0.07578125 0.05234375