3 0.50859375 0.5875 0.0625 0.03125
3 0.4375 0.52890625 0.065625 0.046875
3 0.25 0.54921875 0.0875 0.034375
3 0.34453125 0.1671875 0.0703125 0.053125
3 0.534375 0.03046875 0.04375 0.0421875
1 0.67421875 0.10078125 0.140625 0.1171875
1 0.82890625 0.0328125 0.1171875 0.065625
1 0.90703125 0.296875 0.1859375 0.109375
1 0.6296875 0.2828125 0.134375 0.115625
1 0.39765625 0.26875 0.25625 0.090625
1 0.1015625 0.2859375 0.203125 0.08125
1 0.05703125 0.20234375 0.1140625 0.0734375
1 0.36484375 0.865625 0.1890625 0.18125
2 0.7375 0.2140625 0.065625 0.075