3 0.67265625 0.29921875 0.059375 0.03828125
3 0.65078125 0.26015625 0.0484375 0.034375
3 0.5046875 0.1421875 0.0484375 0.04921875
3 0.72109375 0.2703125 0.05859375 0.03984375
3 0.171875 0.95390625 0.07421875 0.046875
1 0.55703125 0.7609375 0.18671875 0.1578125
1 0.44453125 0.3734375 0.1453125 0.11640625
1 0.1046875 0.27109375 0.209375 0.11171875
1 0.20703125 0.0640625 0.1421875 0.128125
1 0.88828125 0.28828125 0.221875 0.08046875
1 0.93046875 0.1921875 0.1390625 0.0765625
3 0.89921875 0.44375 0.07734375 0.05