1 0.34296875 0.17890625 0.12421875 0.12109375
1 0.1859375 0.06875 0.1359375 0.11640625
1 0.6796875 0.29140625 0.25546875 0.09140625
1 0.09453125 0.2703125 0.1890625 0.1203125
2 0.3296875 0.4125 0.05859375 0.07890625
1 0.41953125 0.4046875 0.153125 0.11796875
1 0.50546875 0.64375 0.18203125 0.15703125
1 0.94609375 0.27578125 0.1078125 0.0765625
1 0.93125 0.20078125 0.1375 0.0828125
1 0.60546875 0.93046875 0.22109375 0.1390625
3 0.17890625 0.88203125 0.0765625 0.053125
3 0.26796875 0.88515625 0.0828125 0.0671875
3 0.66875 0.46796875 0.0796875 0.040625
3 0.73828125 0.471875 0.0640625 0.05390625
3 0.8609375 0.459375 0.075 0.04921875
3 0.90390625 0.471875 0.0578125 0.04296875
3 0.4859375 0.1390625 0.04453125 0.04609375
3 0.5421875 0.12421875 0.04921875 0.04296875