1 0.04765625 0.68515625 0.0953125 0.1890625
1 0.159375 0.0640625 0.078125 0.128125
3 0.20390625 0.33125 0.053125 0.071875
3 0.175 0.396875 0.046875 0.05
3 0.15546875 0.3421875 0.040625 0.06875
3 0.12421875 0.35546875 0.0390625 0.059375
3 0.3203125 0.47578125 0.0546875 0.0640625
3 0.35625 0.39453125 0.053125 0.0734375
3 0.3625 0.340625 0.040625 0.071875
1 0.33984375 0.203125 0.0765625 0.175
3 0.3390625 0.28828125 0.046875 0.0515625
3 0.4875 0.23671875 0.046875 0.090625
3 0.63125 0.11328125 0.040625 0.0921875
1 0.9671875 0.18515625 0.065625 0.1390625
1 0.225 0.04453125 0.078125 0.0890625