3 0.28515625 0.9046875 0.0546875 0.0515625
3 0.2734375 0.82265625 0.059375 0.0671875
3 0.41640625 0.42578125 0.046875 0.078125
3 0.30546875 0.16015625 0.0515625 0.1078125
3 0.4546875 0.34453125 0.046875 0.0703125
3 0.5125 0.30703125 0.05 0.0875
3 0.49609375 0.26328125 0.05 0.071875
1 0.7578125 0.5109375 0.1125 0.228125
3 0.8640625 0.5421875 0.0453125 0.0453125
3 0.9484375 0.53671875 0.046875 0.05625
1 0.6765625 0.64296875 0.1125 0.140625
1 0.8421875 0.8515625 0.10625 0.146875
1 0.96328125 0.7640625 0.071875 0.1328125
1 0.70859375 0.18828125 0.09375 0.1875
1 0.80390625 0.0828125 0.0828125 0.165625
1 0.4515625 0.56171875 0.15 0.1625
1 0.1578125 0.48046875 0.178125 0.203125