3 0.0953125 0.71484375 0.05234375 0.0546875
3 0.17734375 0.7265625 0.0671875 0.06015625
3 0.57421875 0.58359375 0.078125 0.04609375
3 0.83984375 0.69453125 0.1078125 0.0515625
3 0.65546875 0.5453125 0.0703125 0.04609375
3 0.69296875 0.4875 0.0875 0.05
3 0.73671875 0.50390625 0.071875 0.04921875
1 0.4890625 0.2421875 0.22890625 0.11328125
3 0.4578125 0.1359375 0.0453125 0.0453125
3 0.46328125 0.0515625 0.05703125 0.04765625
1 0.35703125 0.3234375 0.14140625 0.1125
1 0.1484375 0.1578125 0.146875 0.10546875
1 0.2359375 0.03671875 0.1328125 0.07265625
1 0.81171875 0.29140625 0.1875 0.09453125
1 0.9171875 0.19609375 0.16484375 0.0828125
1 0.43828125 0.5484375 0.16171875 0.15
1 0.51953125 0.8421875 0.20390625 0.17734375