3 0.346875 0.63359375 0.065625 0.04375
3 0.2859375 0.60703125 0.0625 0.05625
3 0.15234375 0.4859375 0.0828125 0.0390625
3 0.03671875 0.578125 0.0734375 0.046875
3 0.50546875 0.8546875 0.06875 0.05625
3 0.3671875 0.81328125 0.065625 0.05
1 0.60625 0.72890625 0.146875 0.1140625
1 0.5375 0.490625 0.1640625 0.125
1 0.425 0.1828125 0.19375 0.18125
1 0.9625 0.70703125 0.075 0.078125
1 0.80625 0.81171875 0.171875 0.115625
1 0.72109375 0.93359375 0.175 0.121875
1 0.1578125 0.70703125 0.209375 0.078125
1 0.0640625 0.79921875 0.128125 0.084375