1 0.6484375 0.825 0.209375 0.20078125
1 0.5046875 0.38984375 0.171875 0.15546875
1 0.3515625 0.12734375 0.1671875 0.11484375
3 0.70703125 0.278125 0.08359375 0.04453125
3 0.72109375 0.32890625 0.06171875 0.04140625
3 0.76875 0.328125 0.05859375 0.040625
3 0.76640625 0.2890625 0.05390625 0.03046875
3 0.78515625 0.24375 0.0484375 0.0328125
3 0.79296875 0.15703125 0.059375 0.0421875
3 0.09765625 0.1421875 0.0390625 0.0609375
3 0.16640625 0.13828125 0.0375 0.05
3 0.12890625 0.10390625 0.06015625 0.04921875
3 0.9640625 0.7390625 0.071875 0.03203125