1 0.5703125 0.64765625 0.15078125 0.15078125
1 0.7953125 0.2953125 0.2171875 0.0765625
1 0.4453125 0.21328125 0.271875 0.12890625
1 0.1640625 0.2515625 0.23984375 0.1265625
1 0.2828125 0.05078125 0.115625 0.1015625
1 0.94375 0.2 0.1125 0.075
3 0.2796875 0.653125 0.07265625 0.05390625
3 0.3078125 0.54921875 0.06640625 0.05
3 0.8390625 0.43671875 0.0703125 0.03828125
3 0.52109375 0.14453125 0.05234375 0.04140625
3 0.5453125 0.0984375 0.0546875 0.04140625
3 0.58046875 0.13203125 0.05703125 0.04296875