1 0.56328125 0.25234375 0.1921875 0.171875
1 0.69765625 0.71640625 0.140625 0.128125
1 0.45234375 0.7234375 0.209375 0.078125
1 0.83984375 0.96015625 0.128125 0.0796875
1 0.95390625 0.7265625 0.0921875 0.1
1 0.19296875 0.71640625 0.2015625 0.0875
1 0.1328125 0.8109375 0.184375 0.0875
3 0.8265625 0.4671875 0.065625 0.05
3 0.78203125 0.4125 0.0625 0.0625
3 0.9546875 0.3484375 0.0609375 0.046875
3 0.82578125 0.30625 0.05 0.05
3 0.85703125 0.190625 0.0796875 0.0515625
3 0.7859375 0.8921875 0.0625 0.0625
3 0.165625 0.56953125 0.0734375 0.053125
3 0.1265625 0.54921875 0.0828125 0.0515625
0 0.5359375 0.53828125 0.115625 0.0625