3 0.51953125 0.34921875 0.09765625 0.0546875
3 0.58046875 0.14921875 0.05859375 0.040625
3 0.634375 0.1796875 0.0671875 0.0453125
3 0.64921875 0.12890625 0.07109375 0.0515625
3 0.66796875 0.14765625 0.04609375 0.0234375
3 0.69453125 0.509375 0.0953125 0.0390625
3 0.621875 0.3875 0.05859375 0.0375
3 0.66875 0.39296875 0.06875 0.04140625
3 0.88984375 0.6296875 0.09140625 0.0390625
1 0.8015625 0.34453125 0.20546875 0.08984375
1 0.94375 0.15703125 0.1125 0.0796875
1 0.940625 0.309375 0.11875 0.065625
1 0.39609375 0.10546875 0.21484375 0.1046875
1 0.825 0.9703125 0.15859375 0.05703125