3 0.484375 0.759375 0.096875 0.06875
3 0.35546875 0.8671875 0.05625 0.04375
3 0.34921875 0.85234375 0.075 0.04375
3 0.446875 0.74140625 0.05625 0.05
3 0.40390625 0.73125 0.0609375 0.040625
1 0.2265625 0.66640625 0.2015625 0.096875
3 0.3203125 0.7296875 0.0625 0.0453125
3 0.36953125 0.75625 0.04375 0.040625
3 0.3390625 0.7546875 0.0421875 0.040625
1 0.103125 0.77109375 0.2046875 0.0875
1 0.071875 0.8515625 0.14375 0.0625
1 0.91171875 0.81015625 0.1765625 0.0765625
1 0.20625 0.028125 0.18125 0.05625
3 0.14296875 0.38046875 0.08125 0.04375