3 0.66796875 0.52265625 0.05 0.0734375
3 0.62890625 0.6125 0.04375 0.065625
3 0.6234375 0.6640625 0.046875 0.075
3 0.640625 0.71640625 0.0375 0.059375
3 0.49609375 0.72890625 0.05 0.08125
3 0.37265625 0.8984375 0.0453125 0.065625
3 0.81015625 0.64921875 0.0328125 0.0625
3 0.8375 0.5984375 0.0328125 0.06875
3 0.84453125 0.66328125 0.040625 0.0671875
3 0.875 0.646875 0.05 0.0796875
1 0.9203125 0.3671875 0.1078125 0.20625
1 0.8375 0.940625 0.078125 0.11875
1 0.65625 0.79296875 0.084375 0.165625
1 0.6875 0.94296875 0.0765625 0.1140625