3 0.48046875 0.34921875 0.096875 0.0546875
3 0.41953125 0.14921875 0.059375 0.040625
3 0.365625 0.1796875 0.0671875 0.0453125
3 0.35078125 0.12890625 0.071875 0.0515625
3 0.33203125 0.14765625 0.046875 0.0234375
3 0.30546875 0.509375 0.0953125 0.0390625
3 0.378125 0.3875 0.059375 0.0375
3 0.33125 0.39296875 0.06875 0.040625
3 0.11015625 0.6296875 0.0921875 0.0390625
1 0.1984375 0.34453125 0.20625 0.090625
1 0.05625 0.15703125 0.1125 0.0796875
1 0.059375 0.309375 0.11875 0.065625
1 0.60390625 0.10546875 0.215625 0.1046875
1 0.175 0.9703125 0.159375 0.05625