3 0.1390625 0.52109375 0.05625 0.071875
3 0.146875 0.478125 0.053125 0.071875
3 0.1515625 0.44140625 0.05625 0.0765625
3 0.1296875 0.4125 0.040625 0.059375
3 0.0453125 0.4734375 0.05 0.0625
3 0.06015625 0.45234375 0.04375 0.0484375
3 0.62578125 0.13671875 0.0515625 0.075
3 0.359375 0.34921875 0.0515625 0.0890625
3 0.37734375 0.3078125 0.05 0.0796875
1 0.22890625 0.27265625 0.0671875 0.2421875
1 0.31796875 0.21640625 0.075 0.19375
1 0.1328125 0.06953125 0.071875 0.1390625
1 0.12109375 0.85390625 0.11875 0.234375
1 0.95703125 0.2234375 0.084375 0.190625