1 0.44296875 0.25703125 0.153125 0.13671875
2 0.50625 0.1953125 0.06796875 0.05703125
1 0.51640625 0.5359375 0.18046875 0.1578125
1 0.16328125 0.25546875 0.2328125 0.12421875
1 0.32578125 0.04921875 0.14296875 0.09765625
1 0.84765625 0.290625 0.24296875 0.07890625
1 0.521875 0.809375 0.1734375 0.17109375
3 0.7234375 0.36015625 0.0625 0.040625
3 0.7921875 0.4578125 0.075 0.0390625
3 0.95859375 0.74921875 0.08203125 0.0328125
3 0.55390625 0.08828125 0.0671875 0.05703125
3 0.5859375 0.1171875 0.06796875 0.04921875
1 0.9609375 0.2 0.078125 0.078125