3 0.58359375 0.02578125 0.04921875 0.04375
1 0.41640625 0.16015625 0.159375 0.12265625
1 0.18046875 0.24921875 0.25546875 0.10625
1 0.71640625 0.2390625 0.24921875 0.10234375
1 0.93515625 0.271875 0.1296875 0.084375
1 0.609375 0.69609375 0.19765625 0.1890625
1 0.70625 0.9203125 0.203125 0.159375
3 0.44765625 0.553125 0.059375 0.0484375
3 0.39453125 0.67890625 0.06328125 0.0515625
3 0.484375 0.56796875 0.05546875 0.05234375
3 0.7 0.79765625 0.06953125 0.03359375
3 0.77421875 0.7875 0.07578125 0.04140625