0 0.38828125 0.64296875 0.059375 0.0953125
3 0.74921875 0.08359375 0.040625 0.075
3 0.8203125 0.1375 0.04375 0.06875
3 0.96015625 0.1171875 0.040625 0.096875
3 0.46796875 0.73046875 0.04375 0.071875
1 0.25390625 0.44921875 0.090625 0.221875
1 0.0859375 0.20234375 0.1 0.140625
1 0.23984375 0.08203125 0.125 0.1625
1 0.5078125 0.33984375 0.1515625 0.18125
1 0.90078125 0.5 0.196875 0.221875
1 0.284375 0.71953125 0.0875 0.203125
1 0.24921875 0.92890625 0.078125 0.1421875
1 0.184375 0.840625 0.0859375 0.1703125