1 0.43671875 0.74765625 0.1921875 0.171875
1 0.30234375 0.28359375 0.140625 0.128125
1 0.54765625 0.2765625 0.209375 0.078125
1 0.16015625 0.03984375 0.128125 0.0796875
1 0.04609375 0.2734375 0.0921875 0.1
1 0.80703125 0.28359375 0.2015625 0.0875
1 0.8671875 0.1890625 0.184375 0.0890625
3 0.1734375 0.5328125 0.065625 0.05
3 0.21796875 0.5875 0.0625 0.0625
3 0.0453125 0.6515625 0.0609375 0.046875
3 0.17421875 0.69375 0.05 0.05
3 0.14296875 0.809375 0.0796875 0.0515625
3 0.2140625 0.1078125 0.0625 0.0625
3 0.834375 0.43046875 0.0734375 0.053125
3 0.8734375 0.45078125 0.0828125 0.0515625
0 0.4640625 0.46171875 0.115625 0.0625