1 0.33125 0.8234375 0.125 0.109375
1 0.56328125 0.74609375 0.25 0.1078125
1 0.846875 0.69921875 0.2 0.0828125
1 0.95 0.79609375 0.1 0.0734375
1 0.10625 0.721875 0.2125 0.109375
1 0.625 0.18515625 0.1921875 0.165625
3 0.509375 0.93046875 0.053125 0.05625
3 0.5875 0.83828125 0.065625 0.05
2 0.209375 0.96875 0.05625 0.0625
1 0.30703125 0.95546875 0.1234375 0.0890625
3 0.3078125 0.41015625 0.071875 0.046875
3 0.44765625 0.43359375 0.065625 0.040625
3 0.5875 0.45625 0.0703125 0.05
3 0.83828125 0.54609375 0.075 0.053125