0 0.54765625 0.4234375 0.0890625 0.0578125
3 0.10234375 0.10390625 0.0609375 0.05
3 0.0734375 0.58515625 0.0828125 0.05390625
3 0.04140625 0.540625 0.059375 0.05
3 0.06328125 0.70390625 0.05703125 0.059375
3 0.16640625 0.75234375 0.0796875 0.05234375
3 0.13671875 0.87734375 0.06640625 0.0421875
3 0.778125 0.45703125 0.06328125 0.03984375
3 0.82265625 0.471875 0.0609375 0.04296875
1 0.27265625 0.1921875 0.13203125 0.11953125
1 0.4984375 0.2640625 0.19609375 0.08125
1 0.75234375 0.28125 0.21875 0.06875
1 0.8390625 0.1859375 0.178125 0.0875
1 0.9484375 0.23515625 0.103125 0.0734375
1 0.06328125 0.2484375 0.1265625 0.0921875
1 0.39140625 0.628125 0.1875 0.16640625
1 0.5421875 0.9671875 0.178125 0.065625