1 0.40390625 0.24765625 0.1671875 0.1421875
1 0.74921875 0.28515625 0.26328125 0.06953125
1 0.4390625 0.45859375 0.16171875 0.1390625
1 0.659375 0.88046875 0.18671875 0.20703125
1 0.065625 0.31484375 0.13125 0.0828125
1 0.22578125 0.13515625 0.1484375 0.1265625
1 0.31328125 0.03125 0.1359375 0.0625
1 0.96015625 0.28125 0.0796875 0.07890625
1 0.95546875 0.196875 0.0890625 0.065625
3 0.51328125 0.03515625 0.059375 0.05078125
3 0.54140625 0.0609375 0.04765625 0.0546875
3 0.725 0.471875 0.065625 0.03984375
3 0.6921875 0.5625 0.075 0.05
2 0.49375 0.6828125 0.0890625 0.0875
3 0.78828125 0.17265625 0.06640625 0.0484375