2 0.71640625 0.2796875 0.0734375 0.0828125
1 0.88125 0.340625 0.128125 0.1375
1 0.953125 0.1828125 0.09375 0.134375
1 0.7265625 0.6375 0.09375 0.26875
1 0.70234375 0.0828125 0.0984375 0.165625
1 0.1234375 0.640625 0.1796875 0.2
1 0.71640625 0.9171875 0.0734375 0.165625
1 0.79765625 0.946875 0.0640625 0.10625
3 0.82421875 0.68125 0.05 0.053125
3 0.971875 0.5109375 0.05 0.0546875
3 0.41171875 0.553125 0.05 0.0703125
3 0.47734375 0.60703125 0.0453125 0.0625
3 0.43359375 0.79609375 0.040625 0.065625
3 0.490625 0.8625 0.0390625 0.078125
3 0.28203125 0.93359375 0.0484375 0.078125