1 0.53984375 0.58046875 0.15234375 0.14296875
1 0.39296875 0.178125 0.2359375 0.13828125
1 0.74140625 0.29140625 0.246875 0.06796875
1 0.94296875 0.2015625 0.1140625 0.0703125
1 0.16875 0.2453125 0.23984375 0.125
1 0.2625 0.02578125 0.11171875 0.05078125
3 0.25234375 0.6984375 0.0640625 0.04453125
3 0.1734375 0.5546875 0.07109375 0.04765625
3 0.825 0.4296875 0.065625 0.04296875
3 0.5171875 0.14921875 0.0453125 0.04921875
3 0.59921875 0.16015625 0.05546875 0.05078125
3 0.5640625 0.12734375 0.053125 0.04296875