1 0.453125 0.5265625 0.15 0.1234375
1 0.5546875 0.2359375 0.1890625 0.1671875
1 0.38671875 0.75546875 0.1375 0.1078125
1 0.1890625 0.840625 0.1484375 0.1125
1 0.0578125 0.70859375 0.115625 0.09375
1 0.26171875 0.9640625 0.1515625 0.071875
1 0.80625 0.70078125 0.225 0.09375
1 0.93125 0.8 0.1375 0.06875
3 0.4984375 0.85703125 0.046875 0.0484375
3 0.6015625 0.825 0.059375 0.046875
3 0.66640625 0.60625 0.0625 0.040625
3 0.7125 0.58515625 0.0703125 0.046875
3 0.84140625 0.4671875 0.08125 0.05625
3 0.971875 0.5515625 0.05625 0.040625
3 0.221875 0.0125 0.071875 0.025
3 0.3015625 0.01328125 0.0875 0.0265625
2 0.484375 0.03828125 0.10625 0.075