0 0.64296875 0.38828125 0.0953125 0.06015625
3 0.08359375 0.74921875 0.075 0.04140625
3 0.1375 0.8203125 0.06796875 0.04375
3 0.1171875 0.96015625 0.09609375 0.03984375
3 0.73046875 0.46796875 0.07109375 0.04375
1 0.44921875 0.25390625 0.22265625 0.08984375
1 0.20234375 0.0859375 0.140625 0.10078125
1 0.08203125 0.23984375 0.16328125 0.12578125
1 0.33984375 0.5078125 0.18046875 0.1515625
1 0.5 0.90078125 0.22109375 0.19765625
1 0.71953125 0.284375 0.203125 0.08828125
1 0.92890625 0.24921875 0.1421875 0.07890625
1 0.840625 0.184375 0.1703125 0.0859375