0 0.5765625 0.45234375 0.0578125 0.0890625
3 0.89609375 0.89765625 0.05 0.0609375
3 0.41484375 0.9265625 0.053125 0.0828125
3 0.459375 0.95859375 0.05 0.059375
3 0.29609375 0.93671875 0.059375 0.05625
3 0.24765625 0.83359375 0.053125 0.0796875
3 0.12265625 0.86328125 0.0421875 0.065625
3 0.54296875 0.221875 0.040625 0.0625
3 0.528125 0.17734375 0.04375 0.0609375
1 0.8078125 0.72734375 0.11875 0.1328125
1 0.7359375 0.5015625 0.08125 0.196875
1 0.71875 0.24765625 0.06875 0.21875
1 0.8140625 0.1609375 0.0875 0.178125
1 0.76484375 0.0515625 0.0734375 0.103125
1 0.7515625 0.93671875 0.0921875 0.1265625
1 0.371875 0.60859375 0.165625 0.1875
1 0.0328125 0.4578125 0.065625 0.178125