3 0.515625 0.240625 0.09609375 0.06796875
3 0.64453125 0.1328125 0.05625 0.04296875
3 0.65078125 0.14765625 0.075 0.04296875
3 0.553125 0.25859375 0.05703125 0.05078125
3 0.59609375 0.26875 0.0609375 0.04140625
1 0.7734375 0.33359375 0.2015625 0.096875
3 0.6796875 0.2703125 0.0625 0.0453125
3 0.63046875 0.24375 0.04375 0.040625
3 0.6609375 0.2453125 0.0421875 0.03984375
1 0.896875 0.22890625 0.2046875 0.08671875
1 0.928125 0.1484375 0.14375 0.06328125
1 0.08828125 0.18984375 0.1765625 0.0765625
1 0.79375 0.971875 0.18203125 0.05625
3 0.85703125 0.61953125 0.08203125 0.04375