3 0.14921875 0.14375 0.04921875 0.04609375
3 0.13359375 0.1234375 0.046875 0.05234375
3 0.1609375 0.103125 0.0734375 0.05625
3 0.18125 0.1328125 0.04453125 0.04609375
3 0.67109375 0.1578125 0.05703125 0.04140625
3 0.6609375 0.128125 0.07734375 0.0390625
3 0.70390625 0.17109375 0.0328125 0.0265625
3 0.7640625 0.4203125 0.05546875 0.05
3 0.8328125 0.37578125 0.05703125 0.03203125
3 0.86875 0.39140625 0.059375 0.04765625
1 0.54453125 0.47890625 0.17109375 0.14765625
1 0.1328125 0.26640625 0.253125 0.10234375
1 0.46328125 0.284375 0.159375 0.1265625