3 0.0578125 0.47109375 0.0453125 0.05
3 0.0265625 0.49140625 0.04375 0.05
3 0.48984375 0.29140625 0.0515625 0.084375
3 0.565625 0.31796875 0.04375 0.059375
3 0.17109375 0.23671875 0.0453125 0.0625
1 0.2171875 0.609375 0.13125 0.153125
1 0.1078125 0.78046875 0.125 0.1125
1 0.30859375 0.925 0.0859375 0.15
1 0.421875 0.58046875 0.1359375 0.146875
1 0.2859375 0.27578125 0.075 0.28125
1 0.28515625 0.053125 0.0828125 0.10625
1 0.87734375 0.3453125 0.1734375 0.190625
2 0.57734375 0.5640625 0.084375 0.09375
1 0.20234375 0.04140625 0.065625 0.08125