1 0.12734375 0.26796875 0.253125 0.103125
1 0.465625 0.29140625 0.171875 0.1296875
1 0.559375 0.50859375 0.175 0.1609375
3 0.68671875 0.1765625 0.046875 0.0359375
3 0.68046875 0.13671875 0.05625 0.04375
3 0.71875 0.184375 0.028125 0.021875
3 0.75546875 0.4 0.05 0.05
3 0.796875 0.39609375 0.046875 0.021875
3 0.80625 0.3546875 0.0609375 0.0375
3 0.8640625 0.36484375 0.0921875 0.0296875
3 0.12421875 0.12421875 0.0609375 0.059375
3 0.15 0.13984375 0.05625 0.065625
3 0.1765625 0.134375 0.059375 0.05
3 0.1703125 0.09765625 0.05 0.040625