1 0.49375 0.48203125 0.18046875 0.153125
1 0.5046875 0.7640625 0.1625 0.175
1 0.69140625 0.96171875 0.14296875 0.0765625
1 0.17734375 0.2375 0.2328125 0.11484375
1 0.41484375 0.2125 0.159375 0.13046875
1 0.846875 0.2890625 0.246875 0.07578125
1 0.3078125 0.02578125 0.1296875 0.0515625
1 0.95703125 0.2015625 0.0859375 0.07734375
2 0.45078125 0.125 0.078125 0.05234375
3 0.5546875 0.08125 0.0625 0.04453125
3 0.5828125 0.11015625 0.06171875 0.06015625
3 0.7234375 0.38046875 0.06796875 0.04296875
3 0.76640625 0.46875 0.06875 0.04375
3 0.9453125 0.725 0.07734375 0.04453125