1 0.7640625 0.28828125 0.2421875 0.06875
1 0.41484375 0.2828125 0.159375 0.13125
1 0.44921875 0.50703125 0.14921875 0.14296875
1 0.66640625 0.90859375 0.17734375 0.1828125
1 0.22421875 0.15625 0.16640625 0.11484375
1 0.32109375 0.0484375 0.1578125 0.096875
1 0.946875 0.203125 0.10625 0.071875
2 0.51171875 0.78125 0.08515625 0.0921875
3 0.7296875 0.4578125 0.06953125 0.04453125
3 0.70390625 0.55078125 0.0703125 0.0453125
3 0.93828125 0.6984375 0.08671875 0.04453125
3 0.51484375 0.0453125 0.06875 0.04375
3 0.5484375 0.065625 0.06171875 0.053125