3 0.253125 0.88046875 0.046875 0.0671875
3 0.24609375 0.7984375 0.05 0.0640625
3 0.42734375 0.38515625 0.059375 0.06875
3 0.47265625 0.3046875 0.05 0.0640625
3 0.521875 0.2703125 0.0578125 0.059375
3 0.4984375 0.2296875 0.059375 0.065625
3 0.9359375 0.51953125 0.0484375 0.0625
3 0.85859375 0.53671875 0.0484375 0.0625
1 0.940625 0.7296875 0.1015625 0.128125
1 0.803125 0.85546875 0.1171875 0.1703125
1 0.66171875 0.6265625 0.11875 0.1625
1 0.740625 0.4578125 0.11875 0.25625
1 0.70546875 0.165625 0.09375 0.178125
1 0.803125 0.08828125 0.08125 0.1765625
1 0.4359375 0.54921875 0.1609375 0.16875
1 0.140625 0.45859375 0.1875 0.20625
3 0.32890625 0.171875 0.04375 0.1