1 0.31484375 0.04765625 0.1890625 0.0953125
1 0.9359375 0.159375 0.12734375 0.07734375
3 0.66875 0.20390625 0.071875 0.05234375
3 0.603125 0.175 0.05078125 0.04765625
3 0.6578125 0.15546875 0.06796875 0.03984375
3 0.64453125 0.12421875 0.059375 0.0390625
3 0.52421875 0.3203125 0.0640625 0.0546875
3 0.60546875 0.35625 0.0734375 0.05234375
3 0.659375 0.3625 0.071875 0.040625
1 0.796875 0.33984375 0.17578125 0.0765625
3 0.71171875 0.3390625 0.0515625 0.04609375
3 0.76328125 0.4875 0.09140625 0.04609375
3 0.88671875 0.63125 0.0921875 0.04140625
1 0.81484375 0.9671875 0.1390625 0.065625
1 0.95546875 0.225 0.0890625 0.078125