1 0.41484375 0.38515625 0.159375 0.1234375
1 0.71171875 0.27578125 0.3015625 0.071875
1 0.37890625 0.1859375 0.1625 0.13046875
1 0.20625 0.084375 0.1375 0.125
1 0.07890625 0.30625 0.1578125 0.10234375
1 0.6515625 0.8703125 0.18828125 0.18671875
1 0.9359375 0.2875 0.128125 0.0734375
1 0.95859375 0.20546875 0.08203125 0.06953125
3 0.52890625 0.03671875 0.06796875 0.06015625
3 0.74140625 0.17578125 0.059375 0.04609375
3 0.68515625 0.5015625 0.06640625 0.04765625
3 0.65078125 0.57265625 0.071875 0.0359375
2 0.3734375 0.48828125 0.1 0.0765625