0 0.40234375 0.46015625 0.12890625 0.05
3 0.03359375 0.6265625 0.0484375 0.05390625
3 0.14453125 0.7859375 0.0765625 0.05859375
3 0.21171875 0.6765625 0.0796875 0.04453125
3 0.23359375 0.5421875 0.059375 0.0453125
3 0.26484375 0.5828125 0.06015625 0.04453125
3 0.8859375 0.45390625 0.08515625 0.05703125
3 0.85390625 0.42109375 0.06171875 0.03515625
3 0.26328125 0.11640625 0.05078125 0.05703125
1 0.16953125 0.06328125 0.12734375 0.10234375
1 0.30625 0.3171875 0.1375 0.13046875
1 0.56640625 0.27734375 0.2171875 0.07734375
1 0.83125 0.2796875 0.1984375 0.09296875
1 0.86015625 0.18828125 0.2046875 0.08359375
1 0.45546875 0.7859375 0.19609375 0.17421875
1 0.04140625 0.275 0.0828125 0.078125