3 0.4125 0.9484375 0.046875 0.06875
3 0.37109375 0.68515625 0.05 0.0625
3 0.4484375 0.634375 0.04375 0.0625
3 0.56015625 0.16171875 0.040625 0.075
1 0.77265625 0.52109375 0.121875 0.2546875
3 0.8515625 0.471875 0.04375 0.04375
3 0.9140625 0.4578125 0.04375 0.05625
3 0.8796875 0.4328125 0.046875 0.046875
1 0.9171875 0.70859375 0.1078125 0.1359375
1 0.70859375 0.18984375 0.075 0.2421875
1 0.746875 0.84609375 0.121875 0.265625
1 0.79609375 0.05390625 0.075 0.1078125
1 0.31953125 0.41953125 0.15625 0.171875