1 0.509375 0.23671875 0.240625 0.11640625
3 0.503125 0.14375 0.05078125 0.046875
3 0.67890625 0.26171875 0.065625 0.04375
3 0.6484375 0.225 0.0390625 0.03359375
3 0.74609375 0.31015625 0.0734375 0.046875
3 0.18046875 0.89453125 0.06171875 0.0453125
1 0.46640625 0.41484375 0.1484375 0.1359375
1 0.21640625 0.14140625 0.12734375 0.14375
1 0.0703125 0.2921875 0.140625 0.1109375
1 0.60703125 0.87734375 0.21328125 0.1671875
1 0.91015625 0.28671875 0.1796875 0.090625
1 0.9375 0.20078125 0.125 0.08203125