1 0.10546875 0.30078125 0.10625 0.1375
1 0.2609375 0.1625 0.11875 0.253125
1 0.23828125 0.5109375 0.1234375 0.259375
1 0.29296875 0.8171875 0.075 0.228125
1 0.20078125 0.946875 0.0671875 0.10625
1 0.71953125 0.5921875 0.165625 0.165625
3 0.58984375 0.115625 0.0484375 0.053125
3 0.603125 0.35546875 0.046875 0.0640625
3 0.5453125 0.4328125 0.046875 0.059375
3 0.43515625 0.84375 0.04375 0.06875
3 0.14765625 0.53359375 0.0390625 0.0546875
3 0.10546875 0.56171875 0.040625 0.053125
3 0.07421875 0.5453125 0.0390625 0.05