3 0.0515625 0.5875 0.06796875 0.04609375
3 0.31484375 0.62890625 0.0625 0.05
3 0.365625 0.5515625 0.06171875 0.04453125
3 0.83828125 0.43984375 0.07578125 0.04140625
1 0.47890625 0.22734375 0.2546875 0.12109375
3 0.528125 0.1484375 0.04296875 0.04375
3 0.5421875 0.0859375 0.05546875 0.04296875
3 0.5671875 0.1203125 0.046875 0.04765625
1 0.29140625 0.0828125 0.1359375 0.1078125
1 0.81015625 0.29140625 0.2421875 0.075
1 0.15390625 0.253125 0.265625 0.12109375
1 0.94609375 0.20390625 0.1078125 0.075
1 0.58046875 0.68046875 0.17109375 0.15625