1 0.05 0.2046875 0.1 0.084375
1 0.17109375 0.0296875 0.153125 0.059375
1 0.8109375 0.2265625 0.22578125 0.0828125
1 0.92109375 0.13984375 0.15703125 0.071875
1 0.7765625 0.959375 0.1296875 0.08125
3 0.6703125 0.3171875 0.0640625 0.04609375
1 0.76328125 0.328125 0.18828125 0.08828125
3 0.496875 0.1765625 0.08046875 0.05546875
3 0.5671875 0.08671875 0.0765625 0.04375
3 0.603125 0.0984375 0.05625 0.03984375
3 0.534375 0.18828125 0.05625 0.05390625
3 0.60625 0.17578125 0.0546875 0.04296875
3 0.56953125 0.19453125 0.05859375 0.05546875
3 0.6375 0.3046875 0.06875 0.04140625
3 0.846875 0.61484375 0.09375 0.04140625
3 0.965625 0.36640625 0.06796875 0.046875