1 0.6484375 0.175 0.209375 0.2
1 0.5046875 0.61015625 0.171875 0.15625
1 0.3515625 0.87265625 0.1671875 0.115625
3 0.70703125 0.721875 0.084375 0.04375
3 0.72109375 0.67109375 0.0625 0.040625
3 0.76875 0.671875 0.059375 0.040625
3 0.76640625 0.7109375 0.053125 0.03125
3 0.78515625 0.75625 0.0484375 0.0328125
3 0.79296875 0.84296875 0.059375 0.0421875
3 0.09765625 0.8578125 0.0390625 0.0609375
3 0.16640625 0.86171875 0.0375 0.05
3 0.12890625 0.89609375 0.059375 0.05
3 0.9640625 0.2609375 0.071875 0.03125