1 0.82109375 0.34296875 0.121875 0.125
1 0.93125 0.1859375 0.115625 0.1359375
1 0.70859375 0.6796875 0.090625 0.25625
1 0.7296875 0.09453125 0.1203125 0.1890625
2 0.5875 0.3296875 0.078125 0.059375
1 0.5953125 0.41953125 0.11875 0.153125
1 0.35625 0.50546875 0.15625 0.18125
1 0.72421875 0.94609375 0.0765625 0.1078125
1 0.79921875 0.93125 0.0828125 0.1375
1 0.06953125 0.60546875 0.1390625 0.221875
3 0.11796875 0.17890625 0.053125 0.0765625
3 0.11484375 0.26796875 0.0671875 0.0828125
3 0.53203125 0.66875 0.040625 0.0796875
3 0.528125 0.73828125 0.053125 0.0640625
3 0.540625 0.8609375 0.05 0.075
3 0.528125 0.90390625 0.04375 0.0578125
3 0.8609375 0.4859375 0.046875 0.04375
3 0.87578125 0.5421875 0.04375 0.05