3 0.85625 0.14921875 0.046875 0.05
3 0.8765625 0.13359375 0.053125 0.046875
3 0.896875 0.1609375 0.05625 0.0734375
3 0.8671875 0.18125 0.046875 0.04375
3 0.8421875 0.67109375 0.040625 0.0578125
3 0.871875 0.6609375 0.0390625 0.078125
3 0.82890625 0.70390625 0.0265625 0.0328125
3 0.5796875 0.7640625 0.05 0.05625
3 0.62421875 0.8328125 0.03125 0.05625
3 0.60859375 0.86875 0.046875 0.059375
1 0.52109375 0.54453125 0.146875 0.171875
1 0.73359375 0.1328125 0.103125 0.253125
1 0.715625 0.46328125 0.1265625 0.159375