3 0.47890625 0.1390625 0.07109375 0.05546875
3 0.521875 0.146875 0.071875 0.053125
3 0.55859375 0.1515625 0.0765625 0.05703125
3 0.5875 0.1296875 0.059375 0.04140625
3 0.5265625 0.0453125 0.06328125 0.05
3 0.54765625 0.06015625 0.0484375 0.04375
3 0.86328125 0.62578125 0.07421875 0.0515625
3 0.65078125 0.359375 0.0890625 0.0515625
3 0.6921875 0.37734375 0.0796875 0.04921875
1 0.72734375 0.22890625 0.2421875 0.0671875
1 0.78359375 0.31796875 0.19375 0.075
1 0.93046875 0.1328125 0.1390625 0.071875
1 0.14609375 0.12109375 0.234375 0.11875
1 0.7765625 0.95703125 0.190625 0.08515625