3 0.9046875 0.28515625 0.053125 0.0546875
3 0.82265625 0.2734375 0.0671875 0.059375
3 0.42578125 0.41640625 0.078125 0.046875
3 0.16015625 0.30546875 0.1078125 0.0515625
3 0.34453125 0.4546875 0.0703125 0.046875
3 0.30703125 0.5125 0.0875 0.05
3 0.26328125 0.49609375 0.071875 0.05
1 0.5109375 0.7578125 0.228125 0.1125
3 0.5421875 0.8640625 0.0453125 0.0453125
3 0.53671875 0.9484375 0.05625 0.046875
1 0.64296875 0.6765625 0.140625 0.1125
1 0.8515625 0.8421875 0.146875 0.10625
1 0.7640625 0.96328125 0.1328125 0.071875
1 0.18828125 0.70859375 0.1875 0.0953125
1 0.0828125 0.80390625 0.165625 0.0828125
1 0.56171875 0.4515625 0.1625 0.15
1 0.48046875 0.1578125 0.2046875 0.178125