1 0.95234375 0.68515625 0.0953125 0.1890625
1 0.840625 0.0640625 0.078125 0.128125
3 0.79609375 0.33125 0.053125 0.071875
3 0.825 0.396875 0.046875 0.05
3 0.84453125 0.3421875 0.040625 0.06875
3 0.87578125 0.35546875 0.0390625 0.059375
3 0.6796875 0.47578125 0.0546875 0.0640625
3 0.64375 0.39453125 0.053125 0.0734375
3 0.6375 0.340625 0.040625 0.071875
1 0.66015625 0.203125 0.0765625 0.175
3 0.6609375 0.28828125 0.046875 0.0515625
3 0.5125 0.23671875 0.046875 0.090625
3 0.36875 0.11328125 0.040625 0.0921875
1 0.0328125 0.18515625 0.065625 0.1390625
1 0.775 0.04453125 0.078125 0.0890625