3 0.14375 0.14921875 0.046875 0.05
3 0.1234375 0.13359375 0.053125 0.046875
3 0.103125 0.1609375 0.05625 0.0734375
3 0.1328125 0.18125 0.046875 0.04375
3 0.1578125 0.67109375 0.040625 0.0578125
3 0.128125 0.6609375 0.0390625 0.078125
3 0.17109375 0.70390625 0.0265625 0.0328125
3 0.4203125 0.7640625 0.05 0.05625
3 0.37578125 0.8328125 0.03125 0.05625
3 0.39140625 0.86875 0.046875 0.059375
1 0.47890625 0.54453125 0.146875 0.171875
1 0.26640625 0.1328125 0.103125 0.253125
1 0.284375 0.46328125 0.1265625 0.159375