1 0.546875 0.4734375 0.15 0.1234375
1 0.4453125 0.7640625 0.1890625 0.1671875
1 0.61328125 0.24453125 0.1375 0.1078125
1 0.8109375 0.159375 0.1484375 0.1125
1 0.9421875 0.29140625 0.115625 0.09375
1 0.73828125 0.0359375 0.1515625 0.071875
1 0.19375 0.29921875 0.225 0.09375
1 0.06875 0.2 0.1375 0.06875
3 0.5015625 0.14296875 0.046875 0.0484375
3 0.3984375 0.175 0.059375 0.046875
3 0.33359375 0.39375 0.0625 0.040625
3 0.2875 0.41484375 0.0703125 0.046875
3 0.15859375 0.5328125 0.08125 0.05625
3 0.028125 0.4484375 0.05625 0.040625
3 0.778125 0.9875 0.071875 0.025
3 0.6984375 0.98671875 0.0875 0.0265625
2 0.515625 0.96171875 0.10625 0.075