1 0.11171875 0.153125 0.2234375 0.1484375
1 0.7640625 0.22109375 0.240625 0.0734375
1 0.92265625 0.1375 0.1546875 0.075
3 0.68828125 0.35234375 0.071875 0.0421875
1 0.76640625 0.31953125 0.178125 0.078125
3 0.6375 0.34453125 0.078125 0.0421875
3 0.52265625 0.1625 0.084375 0.05625
3 0.48671875 0.1484375 0.0640625 0.0578125
3 0.5640625 0.1609375 0.0703125 0.05625
3 0.59921875 0.1390625 0.0546875 0.0453125
3 0.5390625 0.0609375 0.0703125 0.0546875
3 0.565625 0.0703125 0.0484375 0.046875
1 0.79453125 0.95625 0.2296875 0.0875