2 0.9125 0.76484375 0.0625 0.053125
3 0.953125 0.50625 0.0609375 0.065625
3 0.84140625 0.3921875 0.05 0.0609375
3 0.41484375 0.63671875 0.04375 0.0796875
3 0.45390625 0.51328125 0.05 0.0703125
3 0.45234375 0.3625 0.053125 0.0796875
3 0.5421875 0.159375 0.0546875 0.096875
1 0.79140625 0.65078125 0.115625 0.14375
1 0.709375 0.9 0.11875 0.2
1 0.94453125 0.69375 0.103125 0.125
1 0.73828125 0.42421875 0.09375 0.253125
1 0.70546875 0.13515625 0.075 0.209375
1 0.79765625 0.0484375 0.06875 0.096875
1 0.1671875 0.36875 0.171875 0.175