1 0.68515625 0.4671875 0.1390625 0.1765625
1 0.36015625 0.59609375 0.171875 0.16875
1 0.73203125 0.07734375 0.096875 0.153125
1 0.95390625 0.3140625 0.090625 0.1375
3 0.6328125 0.73046875 0.05625 0.078125
3 0.640625 0.77890625 0.034375 0.0546875
3 0.68359375 0.75546875 0.0421875 0.059375
3 0.68125 0.8125 0.03125 0.046875
3 0.95 0.71640625 0.04375 0.0625
3 0.95234375 0.771875 0.0359375 0.05
3 0.84609375 0.73359375 0.046875 0.075
3 0.79140625 0.72734375 0.04375 0.053125
3 0.7796875 0.75078125 0.028125 0.040625
3 0.86171875 0.16953125 0.05625 0.05
3 0.8640625 0.11640625 0.05625 0.046875