1 0.15 0.21796875 0.2078125 0.09765625
1 0.35546875 0.14453125 0.2078125 0.1078125
1 0.41953125 0.315625 0.13515625 0.1140625
1 0.4921875 0.60078125 0.17265625 0.13359375
1 0.603125 0.90703125 0.203125 0.1859375
1 0.87109375 0.290625 0.21015625 0.08984375
1 0.9328125 0.1984375 0.13359375 0.06953125
3 0.50234375 0.1453125 0.05546875 0.053125
3 0.66484375 0.22265625 0.065625 0.0453125
3 0.64296875 0.328125 0.07265625 0.040625
3 0.70234375 0.35625 0.0546875 0.0546875
3 0.87109375 0.48046875 0.07265625 0.0421875