3 0.51171875 0.14609375 0.05703125 0.04609375
3 0.59375 0.17265625 0.06171875 0.04296875
1 0.63828125 0.2734375 0.246875 0.08984375
3 0.6421875 0.2015625 0.0609375 0.05078125
3 0.80078125 0.38125 0.07421875 0.05078125
3 0.23359375 0.77890625 0.06015625 0.04609375
1 0.50546875 0.4984375 0.1421875 0.1421875
1 0.178125 0.2296875 0.2171875 0.12109375
1 0.27890625 0.09765625 0.2078125 0.128125
1 0.0390625 0.3171875 0.078125 0.078125
1 0.93671875 0.2 0.1265625 0.07109375
1 0.971875 0.271875 0.05625 0.06953125