1 0.85078125 0.7328125 0.253125 0.10625
1 0.5890625 0.81875 0.15625 0.1265625
1 0.24453125 0.74765625 0.240625 0.0875
1 0.48671875 0.63046875 0.165625 0.1375
1 0.3765625 0.296875 0.20625 0.203125
1 0.2828125 0.078125 0.18125 0.15625
3 0.38671875 0.41875 0.0921875 0.0359375
3 0.365625 0.47578125 0.08125 0.040625
3 0.3203125 0.4515625 0.078125 0.03125
3 0.1921875 0.34453125 0.08125 0.0515625
3 0.040625 0.31640625 0.078125 0.04375
3 0.515625 0.95234375 0.05625 0.046875
3 0.4734375 0.91484375 0.065625 0.0390625
3 0.45234375 0.95 0.04375 0.034375
3 0.4078125 0.93359375 0.0609375 0.065625