3 0.66796875 0.47734375 0.05 0.0734375
3 0.62890625 0.3875 0.04375 0.065625
3 0.6234375 0.3359375 0.046875 0.075
3 0.640625 0.28359375 0.0375 0.059375
3 0.49609375 0.27109375 0.05 0.08125
3 0.37265625 0.1015625 0.0453125 0.065625
3 0.81015625 0.35078125 0.0328125 0.0625
3 0.8375 0.4015625 0.0328125 0.06875
3 0.84453125 0.33671875 0.040625 0.065625
3 0.875 0.353125 0.05 0.078125
1 0.9203125 0.6328125 0.1078125 0.20625
1 0.8375 0.059375 0.078125 0.11875
1 0.65625 0.20703125 0.084375 0.165625
1 0.6875 0.05703125 0.0765625 0.1140625