1 0.14921875 0.2671875 0.253125 0.10625
1 0.4109375 0.18125 0.15703125 0.1265625
1 0.75546875 0.25234375 0.240625 0.08828125
1 0.51328125 0.36953125 0.165625 0.13671875
1 0.6234375 0.703125 0.20625 0.20390625
1 0.7171875 0.921875 0.18125 0.15625
3 0.61328125 0.58125 0.0921875 0.0359375
3 0.634375 0.52421875 0.08125 0.04140625
3 0.6796875 0.5484375 0.07734375 0.03203125
3 0.8078125 0.65546875 0.08125 0.0515625
3 0.959375 0.68359375 0.07734375 0.04296875
3 0.484375 0.04765625 0.05546875 0.04765625
3 0.5265625 0.08515625 0.065625 0.0390625
3 0.54765625 0.05 0.04296875 0.03359375
3 0.5921875 0.06640625 0.0609375 0.06640625