3 0.52265625 0.33203125 0.0734375 0.04921875
3 0.6125 0.37109375 0.06484375 0.04296875
3 0.6640625 0.3765625 0.07421875 0.046875
3 0.71640625 0.359375 0.06015625 0.03671875
3 0.72890625 0.50390625 0.08046875 0.05
3 0.8984375 0.62734375 0.06640625 0.0453125
3 0.64921875 0.18984375 0.06171875 0.0328125
3 0.5984375 0.1625 0.06796875 0.0328125
3 0.66328125 0.15546875 0.06640625 0.03984375
3 0.646875 0.125 0.07890625 0.04921875
1 0.3671875 0.0796875 0.20625 0.1078125
1 0.940625 0.1625 0.11875 0.078125
1 0.79296875 0.34375 0.16484375 0.08359375
1 0.94296875 0.3125 0.1140625 0.0765625