1 0.825 0.6484375 0.2 0.209375
1 0.38984375 0.5046875 0.15625 0.171875
1 0.12734375 0.3515625 0.115625 0.1671875
3 0.278125 0.70703125 0.04375 0.084375
3 0.32890625 0.72109375 0.040625 0.0625
3 0.328125 0.76875 0.040625 0.059375
3 0.2890625 0.76640625 0.03125 0.053125
3 0.24375 0.78515625 0.0328125 0.0484375
3 0.15703125 0.79296875 0.0421875 0.059375
3 0.1421875 0.09765625 0.0609375 0.0390625
3 0.13828125 0.16640625 0.05 0.0375
3 0.10390625 0.12890625 0.05 0.059375
3 0.7390625 0.9640625 0.03125 0.071875