1 0.25703125 0.55703125 0.1375 0.153125
2 0.1953125 0.49375 0.05625 0.06875
1 0.5359375 0.48359375 0.1578125 0.18125
1 0.25546875 0.83671875 0.125 0.2328125
1 0.04921875 0.67421875 0.096875 0.14375
1 0.290625 0.15234375 0.078125 0.24375
1 0.809375 0.478125 0.171875 0.1734375
3 0.36015625 0.2765625 0.040625 0.0625
3 0.4578125 0.2078125 0.0390625 0.075
3 0.74921875 0.04140625 0.0328125 0.08125
3 0.08828125 0.44609375 0.05625 0.0671875
3 0.1171875 0.4140625 0.05 0.06875
1 0.2 0.0390625 0.078125 0.078125