0 0.61171875 0.35703125 0.059375 0.0953125
3 0.25078125 0.91640625 0.040625 0.075
3 0.1796875 0.8625 0.04375 0.06875
3 0.03984375 0.8828125 0.040625 0.096875
3 0.53203125 0.26953125 0.04375 0.071875
1 0.74609375 0.55078125 0.090625 0.221875
1 0.9140625 0.79765625 0.1 0.140625
1 0.76015625 0.91796875 0.125 0.1625
1 0.4921875 0.66015625 0.1515625 0.18125
1 0.09921875 0.5 0.196875 0.221875
1 0.715625 0.28046875 0.0875 0.203125
1 0.75078125 0.07109375 0.078125 0.1421875
1 0.815625 0.159375 0.0859375 0.1703125