3 0.65078125 0.51953125 0.0546875 0.096875
3 0.85078125 0.58046875 0.040625 0.059375
3 0.8203125 0.634375 0.0453125 0.0671875
3 0.87109375 0.64921875 0.0515625 0.071875
3 0.85234375 0.66796875 0.0234375 0.046875
3 0.490625 0.69453125 0.0390625 0.0953125
3 0.6125 0.621875 0.0375 0.059375
3 0.60703125 0.66875 0.040625 0.06875
3 0.3703125 0.88984375 0.0390625 0.090625
1 0.65546875 0.8015625 0.090625 0.20625
1 0.84296875 0.94375 0.0796875 0.1125
1 0.690625 0.940625 0.065625 0.11875
1 0.89453125 0.39609375 0.1046875 0.215625
1 0.0296875 0.825 0.05625 0.159375