1 0.8234375 0.33125 0.109375 0.125
1 0.74609375 0.56328125 0.1078125 0.25
1 0.69921875 0.846875 0.0828125 0.2
1 0.79609375 0.95 0.0734375 0.1
1 0.721875 0.10625 0.109375 0.2125
1 0.18515625 0.625 0.165625 0.190625
3 0.93046875 0.509375 0.05625 0.053125
3 0.83828125 0.5875 0.05 0.065625
2 0.96875 0.209375 0.0625 0.05625
1 0.95546875 0.30703125 0.0890625 0.1234375
3 0.41015625 0.3078125 0.046875 0.071875
3 0.43359375 0.44765625 0.040625 0.065625
3 0.45625 0.5875 0.05 0.0703125
3 0.54609375 0.83828125 0.053125 0.075