0 0.4234375 0.54765625 0.0578125 0.0890625
3 0.10390625 0.10234375 0.05 0.0609375
3 0.58515625 0.0734375 0.053125 0.0828125
3 0.540625 0.04140625 0.05 0.059375
3 0.70390625 0.06328125 0.059375 0.05625
3 0.75234375 0.16640625 0.053125 0.0796875
3 0.87734375 0.13671875 0.0421875 0.065625
3 0.45703125 0.778125 0.040625 0.0625
3 0.471875 0.82265625 0.04375 0.0609375
1 0.1921875 0.27265625 0.11875 0.13125
1 0.2640625 0.4984375 0.08125 0.196875
1 0.28125 0.75234375 0.06875 0.21875
1 0.1859375 0.8390625 0.0875 0.178125
1 0.23515625 0.9484375 0.0734375 0.103125
1 0.2484375 0.06328125 0.0921875 0.1265625
1 0.628125 0.39140625 0.165625 0.1875
1 0.9671875 0.5421875 0.065625 0.178125