3 0.11953125 0.746875 0.0671875 0.046875
3 0.2015625 0.75390625 0.0640625 0.05
3 0.61484375 0.57265625 0.06875 0.05859375
3 0.6953125 0.52734375 0.0640625 0.05
3 0.7296875 0.478125 0.05859375 0.0578125
3 0.7703125 0.5015625 0.06484375 0.06015625
3 0.48046875 0.0640625 0.06328125 0.0484375
3 0.46328125 0.14140625 0.06171875 0.0484375
1 0.2703125 0.059375 0.128125 0.1015625
1 0.14453125 0.196875 0.16953125 0.1171875
1 0.3734375 0.33828125 0.16328125 0.11953125
1 0.5421875 0.259375 0.25546875 0.11796875
1 0.834375 0.29453125 0.178125 0.09375
1 0.91171875 0.196875 0.1765625 0.08125
1 0.45078125 0.5640625 0.16875 0.1609375
1 0.54140625 0.859375 0.20703125 0.1875
3 0.828125 0.67109375 0.1 0.04453125