1 0.61484375 0.41484375 0.1234375 0.159375
1 0.72421875 0.71171875 0.071875 0.3015625
1 0.8140625 0.37890625 0.13125 0.1625
1 0.915625 0.20625 0.125 0.1375
1 0.69375 0.07890625 0.103125 0.1578125
1 0.1296875 0.6515625 0.1875 0.1875
1 0.7125 0.9359375 0.0734375 0.128125
1 0.79453125 0.95859375 0.06875 0.0828125
3 0.96328125 0.52890625 0.059375 0.06875
3 0.82421875 0.74140625 0.046875 0.059375
3 0.4984375 0.68515625 0.046875 0.065625
3 0.42734375 0.65078125 0.0359375 0.071875
2 0.51171875 0.3734375 0.0765625 0.1