1 0.2359375 0.28828125 0.2421875 0.06875
1 0.58515625 0.2828125 0.159375 0.13125
1 0.55078125 0.50703125 0.15 0.14375
1 0.33359375 0.90859375 0.178125 0.1828125
1 0.77578125 0.15625 0.165625 0.115625
1 0.67890625 0.0484375 0.1578125 0.096875
1 0.053125 0.203125 0.10625 0.071875
2 0.48828125 0.78125 0.084375 0.0921875
3 0.2703125 0.4578125 0.06875 0.04375
3 0.29609375 0.55078125 0.0703125 0.0453125
3 0.06171875 0.6984375 0.0875 0.04375
3 0.48515625 0.0453125 0.06875 0.04375
3 0.4515625 0.065625 0.0625 0.053125