3 0.9421875 0.47109375 0.0453125 0.05
3 0.9734375 0.49140625 0.04375 0.05
3 0.51015625 0.29140625 0.0515625 0.084375
3 0.434375 0.31796875 0.04375 0.059375
3 0.82890625 0.23671875 0.0453125 0.0625
1 0.7828125 0.609375 0.13125 0.153125
1 0.8921875 0.78046875 0.125 0.1125
1 0.69140625 0.925 0.0859375 0.15
1 0.578125 0.58046875 0.1359375 0.146875
1 0.7140625 0.27578125 0.075 0.28125
1 0.71484375 0.053125 0.0828125 0.10625
1 0.12265625 0.3453125 0.1734375 0.190625
2 0.42265625 0.5640625 0.084375 0.09375
1 0.79765625 0.04140625 0.065625 0.08125